0.0619433 0.076704 0.02877 0.0458526 0.0486718 0.0416491 0.0206604 0.023754 0.0514097 0.0632821 0.0679265 0.0791479 0.0366336 0.0442997 0.074101 0.0316691 0.0791637 0.0407494 0.0124249 0.0711873 
0.0407325 0.0306511 0.0564002 0.0463065 0.0693544 0.0381318 0.0240165 0.0685831 0.0811319 0.0671316 0.0388579 0.0297786 0.0414256 0.068132 0.0413399 0.0524826 0.0536746 0.0676525 0.0303408 0.053876 
0.0470337 0.0550678 0.0429807 0.0429095 0.0468812 0.0736633 0.0343961 0.0589892 0.0534905 0.0525609 0.0597667 0.0367385 0.0549896 0.0520513 0.0526162 0.0418166 0.048288 0.0518407 0.051098 0.0428215 
0.0412768 0.0335212 0.0256502 0.0582571 0.0556432 0.0551148 0.0588357 0.0596388 0.0507251 0.0498538 0.0511886 0.0537482 0.0569482 0.0547781 0.0525278 0.0554937 0.0504564 0.0437473 0.0485698 0.0440252 
0.0595577 0.0471727 0.0457406 0.0454437 0.0659463 0.0405775 0.0412554 0.0548875 0.0440396 0.0728924 0.0426414 0.0496673 0.0498592 0.0194063 0.0496534 0.0396323 0.054708 0.0632222 0.0700159 0.0436806 
0.0602444 0.0585962 0.053538 0.0557 0.0539549 0.0339934 0.0401541 0.0349352 0.0431756 0.0384259 0.0561534 0.0600586 0.0503171 0.0542908 0.0457093 0.0562585 0.0525777 0.0405833 0.05345 0.0578837 
0.0591704 0.0412985 0.0553462 0.0536348 0.0503756 0.0442235 0.0467874 0.052795 0.0481695 0.0498022 0.0471988 0.0372961 0.0487578 0.0723082 0.0355858 0.0316045 0.0686572 0.0583704 0.0484842 0.0501338 
0.0457622 0.0616851 0.0547993 0.0466434 0.0533207 0.0432984 0.0660966 0.0515151 0.0475365 0.0462494 0.0540688 0.0498372 0.0454563 0.0560256 0.0367088 0.0470069 0.0430809 0.0542587 0.0472299 0.0494201 
0.0279471 0.0559212 0.0660119 0.0452539 0.0414767 0.0480684 0.051914 0.0385611 0.0515992 0.0428471 0.0463876 0.0422469 0.0427932 0.0462582 0.0531789 0.0676295 0.0587576 0.056709 0.0587008 0.0577376 
0.074354 0.0346804 0.0332081 0.030464 0.0397539 0.0687979 0.0308512 0.0400741 0.0403123 0.0322643 0.0745932 0.0423382 0.0382832 0.0738016 0.0572711 0.0416547 0.0410127 0.0851985 0.050558 0.0705286 
0.0490902 0.055599 0.0623771 0.0461287 0.0470924 0.047647 0.0561733 0.0433304 0.042585 0.0593193 0.0587696 0.0509419 0.0502037 0.0470648 0.0514401 0.0408565 0.0477094 0.057911 0.038366 0.0473946 
0.0564583 0.0562741 0.0511888 0.0447856 0.0432991 0.0447965 0.0693203 0.0365172 0.0410417 0.0527799 0.0475974 0.0413101 0.06596 0.0373845 0.0485024 0.0522981 0.050536 0.0500756 0.0480142 0.0618602 
0.0451335 0.0445284 0.0490671 0.0521373 0.060745 0.0517479 0.0521853 0.0500759 0.0497316 0.0623658 0.031475 0.0500966 0.06404 0.0471225 0.0486056 0.0374443 0.0673473 0.0322706 0.0666566 0.0372236 
0.0386873 0.0483746 0.0522437 0.0534035 0.0419547 0.0645092 0.0471348 0.0586221 0.0674948 0.0407193 0.0387265 0.0461733 0.0500036 0.0412196 0.0571293 0.0577878 0.0556655 0.04373 0.0430694 0.053351 
0.0551518 0.0398059 0.0430698 0.043051 0.0584593 0.0514343 0.045439 0.0485253 0.0579534 0.054604 0.0554856 0.0445704 0.0621404 0.0572124 0.0352632 0.053376 0.0440047 0.0600454 0.0506037 0.0398043 
0.0461476 0.0518258 0.0508059 0.0551405 0.0582978 0.0612769 0.0556048 0.0387309 0.051684 0.0511916 0.0380084 0.0422221 0.0594251 0.0552721 0.0457505 0.0498099 0.027339 0.0516328 0.0580143 0.0518201 
0.0622037 0.0505454 0.053689 0.0476609 0.0503312 0.0528546 0.0313603 0.0667548 0.0527316 0.062908 0.0394325 0.0707154 0.0512316 0.0428468 0.04285 0.0523894 0.0323002 0.0449775 0.0664041 0.025813 
0.0549144 0.046734 0.0440132 0.0301167 0.0571451 0.051956 0.0583589 0.0594903 0.0326949 0.0307308 0.067905 0.054869 0.0619815 0.0487828 0.0539418 0.0579667 0.049762 0.0367629 0.0530874 0.0487866 
0.0512924 0.0534551 0.0408309 0.0467961 0.0452176 0.0611061 0.0469712 0.0569268 0.0550688 0.0394696 0.0523969 0.044448 0.0667203 0.0512471 0.0491675 0.0583448 0.0496893 0.0478773 0.0377851 0.0451893 
0.0398249 0.0617958 0.0694544 0.0487272 0.04978 0.0428613 0.0489415 0.0636712 0.036192 0.0552664 0.0578251 0.0507565 0.0388366 0.0551386 0.0537452 0.0450952 0.0314773 0.0526903 0.0598885 0.038032 
0.0508589 0.0609791 0.0328381 0.0536171 0.0487336 0.0595292 0.0568284 0.0548825 0.0524043 0.0260375 0.0458938 0.0396236 0.0498974 0.072808 0.041883 0.041377 0.0598413 0.0632738 0.0443008 0.0443925 
0.0587775 0.0551427 0.04891 0.050588 0.0504444 0.045634 0.0512916 0.0461569 0.0566081 0.0459515 0.0405233 0.0445757 0.054024 0.0470868 0.0480346 0.0643141 0.0444576 0.0421705 0.0498142 0.0554945 
0.0608784 0.0614685 0.0359445 0.042907 0.0376212 0.0663845 0.0548207 0.0534231 0.0496826 0.0446321 0.0414136 0.0610552 0.035492 0.060365 0.0675209 0.0455471 0.0525822 0.0385567 0.0470043 0.0427005 
0.0635544 0.0541876 0.058168 0.0533491 0.0473137 0.0661884 0.0441859 0.0472637 0.0401137 0.053407 0.0511958 0.0468574 0.0489274 0.0352114 0.051922 0.0440758 0.0485597 0.0425195 0.0586398 0.0443597 
0.0500946 0.0663225 0.0589681 0.0385745 0.058738 0.0500921 0.0405804 0.0487622 0.0464357 0.0582782 0.0389066 0.0415417 0.0529298 0.0490486 0.0537072 0.0508038 0.0525512 0.0463348 0.0477006 0.0496295 
0.0447946 0.0594053 0.0464697 0.0389274 0.0464247 0.0656293 0.0402762 0.042437 0.063857 0.0589693 0.0440303 0.0548995 0.0497971 0.0499936 0.0506801 0.0439816 0.0454261 0.0522524 0.0421057 0.0596429 
0.0437596 0.0412412 0.052662 0.0335024 0.0621431 0.0406741 0.0504892 0.0346897 0.0538588 0.069765 0.0493733 0.0517679 0.0447481 0.0531801 0.0497335 0.0529807 0.0566361 0.0509706 0.059579 0.0482457 
0.0570142 0.0395005 0.0544978 0.0369499 0.0446965 0.0621592 0.0527135 0.05746 0.0462075 0.0422034 0.0563096 0.0522551 0.0526134 0.0496936 0.0535066 0.0400476 0.0477393 0.047523 0.0609005 0.0460088 
0.0343225 0.0398678 0.0419935 0.0535195 0.0526373 0.0530486 0.0654407 0.0608951 0.0504127 0.0509008 0.063479 0.0360974 0.0395813 0.0467469 0.0519551 0.0410206 0.0572547 0.0573027 0.0512107 0.0523131 
0.0474218 0.0487829 0.0478644 0.0589152 0.0620161 0.0600053 0.0534574 0.0521331 0.0465615 0.0539603 0.047317 0.0531837 0.0543414 0.042352 0.0439655 0.0386945 0.0455664 0.0395454 0.0628718 0.0410443 
0.0579853 0.0533957 0.0486606 0.0460998 0.054108 0.0475285 0.0455126 0.0463756 0.0412947 0.0556085 0.0441703 0.0530111 0.0448567 0.0420801 0.0525753 0.0470467 0.0588187 0.0593911 0.0439527 0.0575277 
0.0406417 0.0514425 0.0653898 0.0558464 0.0555811 0.0455121 0.0432332 0.0484714 0.0469341 0.0544947 0.0490216 0.0365695 0.0585739 0.0562259 0.059912 0.0610209 0.0505081 0.0474092 0.0311067 0.0421053 
0.0567711 0.0633237 0.0569565 0.0499919 0.0594295 0.0406362 0.0413773 0.0597763 0.040996 0.0461339 0.0462274 0.04377 0.0428704 0.0385401 0.0593429 0.0570153 0.0432687 0.043784 0.0453164 0.0644724 
0.0566204 0.0562453 0.0461545 0.0431063 0.0533904 0.0501765 0.0444258 0.0491218 0.0528787 0.0508465 0.0531629 0.0578907 0.0448792 0.0436343 0.055774 0.0471216 0.0442364 0.060768 0.0505333 0.0390335 
0.0529607 0.0433215 0.0571845 0.0487143 0.0623797 0.0351478 0.0416859 0.0424218 0.0509776 0.0532356 0.0406118 0.0590959 0.0583911 0.0530626 0.0450607 0.0470306 0.0534877 0.0483337 0.0489801 0.0579165 
0.0450449 0.0498577 0.0491681 0.0595466 0.0467833 0.0453481 0.0430283 0.0581753 0.050636 0.0556464 0.0404571 0.0597712 0.0598265 0.0508045 0.0370815 0.0423294 0.0489738 0.0382053 0.0530321 0.0662838 
0.0581632 0.04118 0.0462771 0.0525985 0.0592126 0.0491572 0.0468183 0.0467874 0.044356 0.0539548 0.0445822 0.054888 0.0543868 0.0440178 0.0477829 0.0474462 0.0443521 0.0617052 0.0510007 0.0513327 
0.0407192 0.0655831 0.0403018 0.0682454 0.0587124 0.0376061 0.0614148 0.054229 0.0397686 0.0541705 0.038685 0.044172 0.0387757 0.0498878 0.0491885 0.0405022 0.0580019 0.0492569 0.0525981 0.0581809 
0.0344375 0.0359871 0.0670389 0.0517571 0.0292916 0.0568253 0.0518535 0.0615472 0.0334216 0.0354256 0.0568434 0.046092 0.0659259 0.0517893 0.0676131 0.0641285 0.0540783 0.0419948 0.0329573 0.0609919 
0.050371 0.0417166 0.0629399 0.0453738 0.0430584 0.0403991 0.0489909 0.0546172 0.0576032 0.048955 0.053199 0.0420296 0.0524781 0.0505008 0.0455829 0.0514894 0.0550864 0.0579221 0.0430825 0.0546041 
0.0437385 0.0411625 0.0549531 0.0562398 0.0511491 0.0483724 0.0447154 0.0527526 0.0574983 0.0463222 0.043818 0.0347905 0.0506852 0.0557093 0.0522137 0.0507506 0.0587795 0.0506867 0.050577 0.0550857 
0.0302866 0.0555659 0.0662313 0.06666 0.0352639 0.0359031 0.071929 0.0519596 0.0301803 0.0460322 0.0518626 0.0568966 0.05066 0.0403217 0.032354 0.0767826 0.0572006 0.032581 0.0592152 0.0521138 
0.0528739 0.0572744 0.048112 0.0490815 0.055724 0.0452321 0.0435763 0.0589316 0.0569348 0.0555442 0.0506508 0.0465942 0.057392 0.0519798 0.052801 0.0397476 0.0429189 0.0396604 0.0502833 0.0446871 
0.0384119 0.0678255 0.0376141 0.0568962 0.0579024 0.0531991 0.0564832 0.0374189 0.0269284 0.0506271 0.0458826 0.0585318 0.0473509 0.0369269 0.0597168 0.0569442 0.0434233 0.0645555 0.0417149 0.0616462 
0.0514774 0.0527041 0.0457572 0.05215 0.0479189 0.0497103 0.0505448 0.0569132 0.0625989 0.0453261 0.0592219 0.0468093 0.0426553 0.0441389 0.0438006 0.0455423 0.0436778 0.0549793 0.0525475 0.051526 
0.0497042 0.0425877 0.052069 0.0458757 0.0525728 0.0552366 0.0531747 0.051973 0.0557214 0.0430447 0.0626547 0.053408 0.0457055 0.0514707 0.0491352 0.0463441 0.0544585 0.0507852 0.0435438 0.0405347 
0.0462019 0.0387856 0.053861 0.0531947 0.0552428 0.0509676 0.0544993 0.049604 0.0586444 0.0438804 0.0506683 0.0399283 0.0469993 0.0489979 0.0574422 0.0455542 0.0596885 0.0470912 0.0523682 0.04638 
0.0502847 0.0618544 0.0546666 0.0453499 0.0495719 0.0407105 0.0416072 0.0543018 0.0611835 0.0540136 0.0342965 0.0393743 0.0602062 0.0526115 0.0597517 0.0415934 0.0485731 0.0527186 0.0399308 0.0573998 
0.0478479 0.0555431 0.0440138 0.0430141 0.0731857 0.055359 0.0408639 0.053371 0.0517366 0.0443489 0.0467141 0.0541907 0.0560662 0.0515235 0.052042 0.0408817 0.0533874 0.0515722 0.0463114 0.0380267 
0.0517317 0.0418501 0.0508 0.0452227 0.0514072 0.0519425 0.0452761 0.0507885 0.053098 0.0549783 0.0521822 0.0446531 0.0534039 0.0511009 0.0558502 0.0470334 0.0478639 0.0547203 0.048761 0.0473361 
0.034323 0.04803 0.0491873 0.0568251 0.0533012 0.0509177 0.0644639 0.0527528 0.0505883 0.0447426 0.0426831 0.0573023 0.0499779 0.0571722 0.047988 0.0520705 0.055857 0.0424053 0.0465986 0.0428131 
0.0398706 0.052268 0.0424602 0.0409156 0.0377041 0.0499594 0.0484686 0.0429629 0.06037 0.0634144 0.0569164 0.049075 0.0427267 0.0459592 0.0568206 0.0618671 0.0543101 0.0437179 0.0527538 0.0574596 
0.0368411 0.0402502 0.0573719 0.0463361 0.0555907 0.0584626 0.049554 0.052593 0.0471229 0.0443077 0.0579464 0.0620586 0.0539299 0.0462255 0.046906 0.0424398 0.0471546 0.050001 0.0558149 0.0490933 
0.0514475 0.0481483 0.0442148 0.0462986 0.0469667 0.057778 0.0486425 0.0491571 0.0489083 0.0543666 0.0545342 0.0504806 0.0440317 0.054076 0.0566639 0.0500681 0.0451086 0.0457713 0.0516167 0.0517204 
0.0565465 0.0564493 0.0625782 0.0535687 0.0381995 0.0461633 0.0601672 0.0354647 0.0483065 0.0560133 0.0470947 0.0394583 0.0581641 0.0458045 0.0644379 0.0545226 0.0469697 0.0426331 0.0397633 0.0476946 
0.0454373 0.0416963 0.04603 0.0536753 0.0560317 0.0477314 0.0478693 0.0571074 0.0448298 0.0558663 0.049916 0.049807 0.0459076 0.0487636 0.0585143 0.0586088 0.048999 0.0487423 0.0447577 0.0497089 
0.0548354 0.0476807 0.047384 0.0429011 0.0569145 0.0517228 0.0508434 0.0549852 0.0582358 0.0591212 0.0470837 0.0483941 0.0435525 0.0496904 0.0559811 0.0439579 0.0508454 0.0413885 0.0455891 0.0488932 
0.0464995 0.0457115 0.0516797 0.0562515 0.0475176 0.0453827 0.0512614 0.0499823 0.0493605 0.0510992 0.0511173 0.0521499 0.0537129 0.0462944 0.0451222 0.0544237 0.0505322 0.0507702 0.047576 0.0535553 
0.054297 0.052089 0.0488259 0.052428 0.0498016 0.0550516 0.050642 0.0486206 0.0584925 0.0531527 0.0541195 0.0454496 0.0426853 0.0396352 0.0581538 0.0444864 0.0467529 0.0475774 0.052538 0.0452012 
0.0612917 0.0377916 0.0446843 0.0454026 0.0512876 0.043008 0.062454 0.0590096 0.0568036 0.0495659 0.0474934 0.0454814 0.04647 0.0466938 0.0384983 0.0458227 0.0571592 0.0566445 0.0537912 0.0506466 
0.0441425 0.0520511 0.0482244 0.0462358 0.0473334 0.0472551 0.0520731 0.0475365 0.0583403 0.0461584 0.0542004 0.041319 0.0492163 0.0487688 0.0530035 0.0565066 0.0468927 0.054057 0.0525612 0.0541237 
0.0529584 0.0524292 0.0516879 0.0421005 0.0523429 0.0488864 0.0434667 0.0505127 0.056046 0.0489336 0.0547951 0.0507074 0.0551699 0.0483799 0.053995 0.0461585 0.0487562 0.0556582 0.047559 0.0394566 
0.0487203 0.0512213 0.0503957 0.0485307 0.0520319 0.053092 0.0503847 0.0500509 0.0477299 0.0519351 0.0474919 0.0437424 0.0553108 0.0480311 0.0512115 0.0509572 0.0468984 0.0463759 0.0512218 0.0546663 
0.0450488 0.0599349 0.0547521 0.0460422 0.0627712 0.0385281 0.0279934 0.0669092 0.0609114 0.0386817 0.0542523 0.0627027 0.0562041 0.034608 0.0688183 0.0388713 0.0346046 0.0560521 0.0519548 0.0403588 
0.0560582 0.0534883 0.0505755 0.0568367 0.0457202 0.0419697 0.0441625 0.0467298 0.054552 0.0506194 0.05347 0.0535169 0.0473399 0.0484634 0.0459898 0.0443087 0.0610041 0.045904 0.0464981 0.0527928 
0.0517684 0.0520469 0.0604571 0.0552971 0.0386027 0.0515216 0.0613212 0.0427094 0.0402109 0.0466911 0.0638218 0.0552979 0.0633886 0.0477411 0.0335672 0.0425743 0.0486349 0.0518623 0.0485163 0.0439693 
0.053983 0.0539858 0.0318908 0.0652689 0.063168 0.0460861 0.0425883 0.0583518 0.053364 0.0393368 0.0525355 0.0361492 0.0422086 0.0424719 0.0539497 0.0454338 0.0424074 0.0592313 0.0609654 0.0566236 
0.044633 0.0519967 0.0494257 0.0479479 0.0542113 0.0521532 0.0451921 0.0424924 0.0491343 0.051435 0.0536042 0.0497952 0.0489823 0.0439112 0.0611387 0.0530634 0.05362 0.0489464 0.0493726 0.0489445 
0.0457144 0.0469182 0.048952 0.047298 0.0549492 0.0495039 0.0448584 0.0546304 0.0525609 0.0461693 0.0592907 0.0432097 0.0559998 0.0419682 0.0525239 0.0576519 0.0525001 0.0486941 0.0423165 0.0542904 
0.0410474 0.0478462 0.0545462 0.0574205 0.0472552 0.0565015 0.046512 0.05242 0.0551053 0.0494214 0.0497904 0.0543199 0.0383424 0.0487031 0.0568395 0.0515244 0.0520972 0.0454351 0.0514149 0.0434574 
0.0456228 0.0554512 0.0525366 0.0523959 0.0481231 0.0471143 0.043069 0.0573219 0.0472973 0.0537008 0.0460173 0.0540999 0.04739 0.0591318 0.0455992 0.0487458 0.0506232 0.0521825 0.0437198 0.0498576 
0.0427677 0.046963 0.0533156 0.0535598 0.0521132 0.0435542 0.0472456 0.0507884 0.0533536 0.0537035 0.0483833 0.0496524 0.0530778 0.0487432 0.0524364 0.0501179 0.0475808 0.0501128 0.049442 0.0530888 
0.0327029 0.0485957 0.0499618 0.0593953 0.0462038 0.0296599 0.0562663 0.0611374 0.0516806 0.0324174 0.0524308 0.05075 0.0540878 0.0566406 0.069256 0.0429971 0.054664 0.0383549 0.0620281 0.0507696 
0.0520325 0.0468377 0.0502641 0.049578 0.0500734 0.0470043 0.042564 0.0506814 0.0453835 0.0429171 0.0558055 0.0529335 0.0590308 0.0438375 0.0472862 0.0473283 0.0617006 0.056128 0.042919 0.0556947 
0.050897 0.0516887 0.0507206 0.056698 0.0639497 0.0480217 0.0509306 0.0455341 0.0430752 0.0417459 0.0463996 0.0420531 0.0403195 0.0549927 0.0482816 0.0531043 0.0612659 0.0504802 0.0508917 0.04895 
0.0574683 0.0680871 0.0375465 0.0525986 0.0403936 0.054055 0.0591601 0.0540646 0.0626501 0.0329235 0.0644692 0.0276474 0.0654666 0.0460394 0.0395211 0.0494259 0.0308967 0.0602075 0.0356261 0.0617529 
0.0578642 0.0526945 0.0537021 0.0493704 0.0402008 0.0523659 0.0465897 0.0458286 0.0490839 0.0536443 0.051174 0.0571475 0.0543059 0.0491362 0.0444644 0.0393017 0.0559613 0.0455493 0.0568767 0.0447384 
0.0572664 0.0316557 0.055082 0.0427671 0.0547252 0.0432986 0.037602 0.0690048 0.0562699 0.0578711 0.0481407 0.0480792 0.0558434 0.0567875 0.0630468 0.0341792 0.0709606 0.0391902 0.038305 0.0399251 
0.0507856 0.0455811 0.0537827 0.0409383 0.0549145 0.047233 0.0525373 0.0517377 0.0447888 0.0519964 0.048271 0.0572781 0.0526173 0.0505641 0.0469622 0.0447346 0.0551681 0.0551853 0.0467986 0.0481252 
0.0426498 0.048643 0.0505169 0.0447716 0.0520665 0.0685667 0.0467783 0.0528922 0.0513949 0.0508608 0.0494596 0.0523307 0.0488985 0.0432138 0.0530573 0.0453903 0.0554671 0.0456908 0.0447732 0.052578 
0.0462336 0.0469695 0.0489732 0.0593634 0.047058 0.0509274 0.0435763 0.0585047 0.0447503 0.0553261 0.0515686 0.0467755 0.0545389 0.047961 0.0561808 0.0456768 0.0533344 0.0390274 0.0564462 0.0468078 
0.0204666 0.0199027 0.0192747 0.019928 0.0923762 0.0575861 0.0715382 0.028997 0.0660294 0.07613 0.0889703 0.0899825 0.0817852 0.025747 0.0108825 0.00677884 0.0874073 0.0150311 0.0861502 0.0350363 
0.0851459 0.0364394 0.0318582 0.0612214 0.0793557 0.0360325 0.0401694 0.0618661 0.0263333 0.0436511 0.0479563 0.0725135 0.0720782 0.0665973 0.0452442 0.0748762 0.0500922 0.0273177 0.0328106 0.00844099 
0.0525853 0.0559946 0.0513222 0.0502966 0.0493379 0.0476438 0.043255 0.0482121 0.0499613 0.0497678 0.0512367 0.0544885 0.0525188 0.0380194 0.0518324 0.0549648 0.0484933 0.0527082 0.0441897 0.0531714 
0.0458706 0.0562462 0.0542884 0.0490367 0.0441373 0.0373552 0.0555955 0.0466604 0.0492495 0.0526224 0.0421939 0.0598645 0.0563999 0.043677 0.0456663 0.0599813 0.0399972 0.0554779 0.0449624 0.0607175 
0.0329548 0.0734548 0.0507935 0.0339185 0.0835339 0.0776287 0.0248737 0.0355902 0.0647555 0.0476887 0.0360627 0.0406726 0.0522453 0.0719781 0.0519308 0.0207478 0.0721427 0.0548735 0.0233804 0.0507737 
0.0463247 0.050797 0.0479631 0.0479533 0.045252 0.0566254 0.0413489 0.0467495 0.0571003 0.0504116 0.0523909 0.0476518 0.0454468 0.0552168 0.047671 0.0509936 0.0490224 0.0534443 0.0497072 0.0579294 
0.0541823 0.0752523 0.0400301 0.0423824 0.0620297 0.0452134 0.0367452 0.0511684 0.0451378 0.0505033 0.0423499 0.0452065 0.0588227 0.0443239 0.0480186 0.059331 0.0426626 0.0645061 0.0465057 0.045628 
0.0437589 0.0515555 0.0448551 0.0487339 0.0520079 0.0474609 0.0586234 0.0586604 0.0536782 0.05018 0.0546264 0.0458247 0.0379477 0.0502966 0.0510489 0.0547876 0.0539951 0.0406873 0.0596692 0.0416023 
0.0443672 0.0507543 0.0606483 0.0529079 0.0522369 0.0414109 0.0522423 0.040787 0.0525029 0.0451481 0.04716 0.0443052 0.0519141 0.0466623 0.0551897 0.0530726 0.0503395 0.0544018 0.0527137 0.0512353 
0.0447778 0.0517537 0.0412635 0.0520483 0.0397841 0.0418472 0.0478858 0.0552486 0.0508095 0.0523756 0.0565433 0.0468058 0.0559876 0.0541248 0.0533864 0.054572 0.0475285 0.0524885 0.0503847 0.0503844 
0.0443245 0.0452902 0.0495229 0.051059 0.0544223 0.0445546 0.0537979 0.0495032 0.0538263 0.0484873 0.0453512 0.0569719 0.049434 0.048349 0.0452982 0.0554106 0.0510345 0.0518988 0.049893 0.0515708 
0.0470293 0.048719 0.04624 0.0514663 0.050381 0.0583137 0.0443268 0.0500635 0.0503523 0.0580929 0.0439933 0.0510093 0.0509411 0.044815 0.0524128 0.0523477 0.0488421 0.0505761 0.0508589 0.049219 
0.0488477 0.0539063 0.0467944 0.0471505 0.0529112 0.0523026 0.0498646 0.0485568 0.0480636 0.0561099 0.0480851 0.0485212 0.0478092 0.0492768 0.0484818 0.0499239 0.0464629 0.0514293 0.0496371 0.0558652 
0.0547184 0.0464895 0.0553806 0.05309 0.0440152 0.0498899 0.0504211 0.0424497 0.0574502 0.0555693 0.0479306 0.0419946 0.0413995 0.0504972 0.0502879 0.0521388 0.0479892 0.0583105 0.0495072 0.0504708 
0.0466121 0.0469719 0.0479208 0.0539995 0.0471167 0.0568936 0.0519657 0.0516295 0.0498848 0.055521 0.0486803 0.0500852 0.0419818 0.0472739 0.0566776 0.0483628 0.0439162 0.0566903 0.0529044 0.0449121 
0.0522606 0.0549066 0.045841 0.0486671 0.0545117 0.0467771 0.0546489 0.0477119 0.0468508 0.056744 0.0484439 0.0518959 0.0506658 0.0427951 0.0432796 0.0547792 0.0533929 0.0473197 0.0439516 0.0545568 
0.0470325 0.0475624 0.052194 0.0454972 0.0562319 0.0500981 0.0449447 0.0524178 0.0466364 0.0553832 0.055708 0.05165 0.0480904 0.0521145 0.0533584 0.0507009 0.0554918 0.0416851 0.05112 0.0420827 
0.0543081 0.0450134 0.0559854 0.0527398 0.0536178 0.0526754 0.0480115 0.0498876 0.0480647 0.0550133 0.0427768 0.0499893 0.0561286 0.0475882 0.0506268 0.054602 0.0375887 0.0528468 0.04704 0.0454958 
0.0517308 0.058648 0.0498809 0.0424467 0.0451816 0.0471885 0.051325 0.0573712 0.0471178 0.0532032 0.050607 0.0441999 0.0525382 0.0497056 0.0532913 0.0510354 0.0446185 0.050311 0.0505807 0.0490188 
0.0446082 0.0518977 0.0510562 0.0558047 0.0510442 0.0531758 0.0494115 0.0496051 0.0512747 0.0560782 0.0483954 0.0478361 0.048581 0.0490497 0.0511417 0.0496794 0.052871 0.0490192 0.040579 0.0488912 
0.051077 0.0500536 0.0526066 0.0551007 0.0446016 0.0479695 0.050698 0.0483947 0.0558355 0.0427421 0.0485102 0.0540767 0.0535167 0.0514336 0.0547601 0.0444303 0.043256 0.0514524 0.0508413 0.0486435 
0.0528175 0.0541993 0.0445429 0.0555205 0.0507712 0.0504673 0.0551723 0.0504046 0.0547027 0.0507593 0.0529059 0.0445194 0.0482981 0.0449119 0.0469461 0.0525638 0.0461122 0.0591624 0.0398007 0.0454218 
0.0478628 0.0549179 0.0511028 0.0607663 0.0487053 0.0556166 0.0543498 0.0490188 0.0506059 0.0438626 0.0501312 0.0417831 0.0580073 0.0436877 0.0550817 0.0464101 0.0464769 0.0522663 0.0456477 0.0436993 
0.0495307 0.0447441 0.048702 0.0517603 0.0544935 0.0449186 0.0417381 0.0465209 0.049355 0.0485213 0.0559522 0.0457738 0.0535383 0.0443593 0.0523526 0.0604202 0.0573431 0.0588435 0.0462997 0.0448325 
0.0491558 0.0496215 0.0503968 0.0483336 0.0587918 0.0450467 0.0505371 0.0509103 0.0515897 0.0530931 0.0580745 0.0433946 0.0474767 0.0433268 0.0478548 0.0477792 0.0503329 0.0598184 0.0424054 0.0520603 
0.0429848 0.064021 0.041518 0.0638504 0.0445332 0.0528338 0.0466035 0.0417957 0.0657275 0.0457161 0.0531659 0.048169 0.054052 0.0415995 0.0583623 0.0383379 0.0514216 0.044772 0.0521682 0.0483677 
0.0557122 0.0552403 0.039616 0.0448902 0.0423171 0.047634 0.0597662 0.0650959 0.0508107 0.0655189 0.0482546 0.0523184 0.0478138 0.0269646 0.0569623 0.0355858 0.0429137 0.045419 0.0610251 0.0561412 
0.0468852 0.051432 0.0535119 0.0568665 0.0439282 0.0557563 0.0403717 0.0523236 0.0442067 0.0483967 0.0438843 0.0438262 0.0477801 0.0585564 0.0543889 0.0473787 0.0571589 0.0566921 0.0426961 0.0539595 
0.0525193 0.0424688 0.0448821 0.0484349 0.040466 0.0494599 0.0440136 0.0538471 0.0539491 0.0533032 0.0602167 0.0633865 0.0499496 0.0481133 0.0569586 0.0494459 0.0367691 0.0525697 0.0535846 0.0456622 
0.0620321 0.0512758 0.0532088 0.0595698 0.0487475 0.057633 0.0478784 0.0486222 0.0484559 0.0528808 0.0434759 0.0476252 0.0429365 0.0554119 0.051498 0.0478956 0.0428508 0.049576 0.0463452 0.0420808 
0.0475239 0.0501625 0.0571418 0.0472893 0.0479652 0.053071 0.0504654 0.050907 0.0506585 0.0497515 0.0510249 0.0419825 0.0457525 0.0524264 0.0445682 0.055525 0.0483756 0.0498339 0.0502256 0.0553493 
0.0446615 0.0474966 0.0432807 0.0524396 0.0503144 0.0562388 0.0356233 0.0544639 0.0566082 0.0493286 0.0525645 0.05628 0.0470605 0.0455103 0.0545301 0.044601 0.0521205 0.0557506 0.0454775 0.0556493 
0.0529833 0.0613025 0.0404896 0.0585149 0.0466978 0.0492255 0.05658 0.0506119 0.0587274 0.0556871 0.0366025 0.0437141 0.0517693 0.0505606 0.0434687 0.0492067 0.0557121 0.0523361 0.0471334 0.0386764 
0.0543599 0.0457375 0.048193 0.0501464 0.0462425 0.0557138 0.0522212 0.0528587 0.0515056 0.0487654 0.0492822 0.0538229 0.0563316 0.0519738 0.0468142 0.0477521 0.0539034 0.0476386 0.0436559 0.0430813 
0.0602478 0.0512161 0.047638 0.0545379 0.0393776 0.0566845 0.0437969 0.0397865 0.052958 0.0481842 0.0516615 0.0522123 0.0486892 0.0422024 0.0551126 0.0421194 0.0584276 0.0574724 0.0515858 0.0460893 
0.050149 0.0413801 0.0569603 0.0536016 0.0444559 0.0478022 0.0415377 0.050858 0.0487612 0.0459909 0.0468254 0.0493549 0.0569415 0.043666 0.0602644 0.0431489 0.0458721 0.0529608 0.0608994 0.0585698 
0.0467822 0.0467694 0.0559418 0.0464986 0.0488182 0.0529457 0.047676 0.052525 0.0424793 0.044968 0.0543719 0.0533382 0.0446095 0.0530117 0.0442749 0.0538223 0.0547339 0.0543974 0.0511802 0.0508557 
0.0614879 0.0605219 0.0533495 0.0610982 0.0423793 0.0532533 0.0539043 0.0420679 0.0575365 0.0404149 0.0507532 0.0620915 0.0426006 0.0403034 0.0426026 0.049309 0.0420437 0.0358819 0.0546407 0.0537596 
0.0503352 0.0537603 0.0532348 0.0474923 0.0488566 0.0560666 0.0493396 0.0479325 0.0535366 0.0484767 0.0564805 0.0575538 0.0563656 0.0417179 0.0425213 0.0492041 0.0436344 0.0412918 0.0496618 0.0525374 
0.049728 0.0454874 0.0440431 0.0430296 0.0555938 0.0518139 0.053515 0.043274 0.0513683 0.0607127 0.045819 0.0483915 0.0366948 0.0531151 0.0577569 0.0495175 0.0554802 0.0443982 0.0577685 0.0524924 
0.0469879 0.0543809 0.047672 0.0468382 0.0505207 0.0516682 0.0440769 0.0552866 0.049424 0.0478951 0.0497935 0.0514369 0.0509539 0.051616 0.0494732 0.052667 0.0496821 0.0505509 0.0506881 0.0483879 
0.0495884 0.0519998 0.0493464 0.0497812 0.0480519 0.0533538 0.0487599 0.0532608 0.050063 0.0483777 0.052228 0.0465316 0.0537556 0.0455556 0.0535171 0.0513194 0.0508519 0.050428 0.0479546 0.0452754 
0.0592254 0.0426379 0.0490538 0.0506202 0.0536651 0.052356 0.0498798 0.046188 0.0482684 0.0471104 0.0516106 0.0527013 0.045639 0.0516338 0.0502198 0.0497311 0.049697 0.0489862 0.0490723 0.0517039 
0.0485963 0.0478302 0.0557479 0.0501853 0.0516283 0.0532175 0.0462039 0.0540814 0.049191 0.0442255 0.0555498 0.049057 0.0475432 0.0470544 0.0548765 0.0450169 0.0521085 0.0475336 0.0495922 0.0507607 
0.0498438 0.0442187 0.0506171 0.0551475 0.053549 0.0447355 0.0518488 0.046294 0.0524191 0.049966 0.0444772 0.0551589 0.0474171 0.0493832 0.0452877 0.0594859 0.0459917 0.0472561 0.052897 0.0540059 
0.0436218 0.0565106 0.0456326 0.0416087 0.0597443 0.0541501 0.0599898 0.0425173 0.0486645 0.0469997 0.0398536 0.0513022 0.0514882 0.0520641 0.0466866 0.054384 0.0438819 0.0355946 0.0650783 0.0602272 
0.0490145 0.0502623 0.0475617 0.0480152 0.0455563 0.0562456 0.0522375 0.0462016 0.0459108 0.0506803 0.0533431 0.0497975 0.0523217 0.0467394 0.0521306 0.0462338 0.0566594 0.0559037 0.0469734 0.0482114 
0.0483165 0.0571913 0.0580429 0.0434053 0.0627231 0.0475493 0.0360245 0.0589334 0.0342587 0.0613046 0.0431446 0.0544238 0.0530891 0.0561351 0.0607743 0.0410122 0.055978 0.0475741 0.046053 0.0340663 
0.057115 0.0535024 0.0615683 0.0595382 0.0389464 0.0405061 0.0475439 0.0429456 0.0475089 0.0540136 0.0479721 0.0373793 0.0424342 0.056648 0.0587083 0.0484626 0.0570875 0.0592512 0.0482481 0.0406203 
0.0435491 0.0531904 0.0623719 0.0471732 0.0512931 0.0514797 0.0466173 0.046893 0.0562525 0.0593125 0.0496502 0.0420402 0.0470053 0.0515864 0.0420869 0.0555405 0.0555238 0.0406067 0.0497235 0.0481037 
0.0499828 0.0505283 0.0438516 0.0526247 0.046855 0.0540842 0.0488303 0.0468974 0.0522035 0.0489209 0.0512372 0.048313 0.0458793 0.0455254 0.0528748 0.05224 0.0523805 0.0544764 0.0502551 0.0520396 
0.0531872 0.0475116 0.0471052 0.0524604 0.0477518 0.0567082 0.0473143 0.0480445 0.0417168 0.0441796 0.0563886 0.0445572 0.0480491 0.0531206 0.0545093 0.0486293 0.049619 0.0492217 0.0576015 0.0523241 
0.0529096 0.0510492 0.0397845 0.0499334 0.0501342 0.0535588 0.0497628 0.0512861 0.0463282 0.0608063 0.0539413 0.0500106 0.0500143 0.042165 0.0504862 0.0556389 0.0476498 0.0556895 0.0398566 0.0489946 
0.0499432 0.040086 0.0571837 0.0531845 0.0610463 0.0505995 0.0443419 0.0430549 0.054277 0.0571284 0.0475589 0.0554975 0.0483837 0.0515028 0.0436073 0.047133 0.0566469 0.0463501 0.0428506 0.0496239 
0.0497204 0.0583849 0.0638271 0.0565676 0.060693 0.0522271 0.0450214 0.0478484 0.0517916 0.0465581 0.0462712 0.0475189 0.0521447 0.0512509 0.0476434 0.0413685 0.0510557 0.0359007 0.0475286 0.0466778 
0.0506476 0.0514956 0.0296214 0.0621369 0.0484769 0.047767 0.0552306 0.0450138 0.0399342 0.0413559 0.0700545 0.0461647 0.0496734 0.0647765 0.0600006 0.042796 0.0526499 0.0472883 0.0411376 0.0537786 
0.0453225 0.0470287 0.0541516 0.0551081 0.0506323 0.0555447 0.0433018 0.0530555 0.0449538 0.044189 0.0517946 0.0437462 0.055206 0.0524733 0.047312 0.0494254 0.0470351 0.0513629 0.0528997 0.0554567 
0.0534064 0.052617 0.0578448 0.0448998 0.0541537 0.0457901 0.0424112 0.0483874 0.0561806 0.048793 0.0438026 0.0480185 0.0520818 0.0380692 0.0536598 0.0479085 0.0442854 0.0556149 0.0527503 0.059325 
0.054904 0.0595406 0.0449727 0.0503053 0.0423301 0.053036 0.0434317 0.0599843 0.0489677 0.0510738 0.0547478 0.0406975 0.0610971 0.0454413 0.0428433 0.0480001 0.0568722 0.0479301 0.0510085 0.042816 
0.0388969 0.0530448 0.0522503 0.0511177 0.0510677 0.0517535 0.0501055 0.0608846 0.0527026 0.0442911 0.0539593 0.0539454 0.046801 0.0504995 0.039796 0.0567324 0.0458563 0.0467143 0.0434163 0.056165 
0.0430424 0.0527485 0.043753 0.0526682 0.0500395 0.0614696 0.0511757 0.053339 0.0446084 0.0448728 0.0644315 0.044265 0.0531244 0.0480375 0.0530549 0.0484464 0.0524224 0.0447697 0.0519104 0.0418209 
0.0508514 0.0553746 0.0415929 0.0545171 0.052583 0.0471404 0.0439784 0.0545252 0.0576301 0.0507742 0.0472818 0.0452954 0.0366291 0.0507394 0.050187 0.0491911 0.0542817 0.0472989 0.0573912 0.0527373 
0.0508384 0.0559764 0.0485589 0.043528 0.0516403 0.0441604 0.0440801 0.0474034 0.0473666 0.052828 0.052257 0.0469179 0.0530867 0.0464119 0.0536296 0.0436904 0.0551911 0.0565043 0.0527487 0.0531819 
0.0464076 0.0461829 0.0561796 0.0433585 0.0472903 0.044281 0.0534514 0.0462119 0.0509306 0.0509192 0.0573755 0.0539257 0.0478673 0.0491756 0.0573708 0.0518582 0.0547222 0.0437094 0.0507223 0.04806 
0.0571118 0.0466268 0.0525487 0.0613599 0.0441794 0.0519438 0.0482284 0.0493404 0.0388359 0.0626831 0.036711 0.0404377 0.0538758 0.0442735 0.0592026 0.0445701 0.0502653 0.057516 0.06076 0.0395297 
0.0610189 0.0414374 0.0448041 0.0440889 0.0488404 0.0537152 0.0343259 0.0555557 0.0429213 0.0620677 0.0519226 0.0542535 0.0529591 0.0562486 0.0516131 0.0588316 0.046377 0.0518003 0.0444516 0.042767 
0.0489506 0.0457705 0.0413072 0.054643 0.0497838 0.0446987 0.0567433 0.0527931 0.0508819 0.0481855 0.0551494 0.0552375 0.0424716 0.0490835 0.05193 0.0484884 0.0502438 0.0568538 0.0486421 0.0481424 
0.0489468 0.049217 0.0510136 0.0547412 0.0500481 0.0540345 0.049398 0.050219 0.0491429 0.0418321 0.0521069 0.0482222 0.0504833 0.0508912 0.047261 0.0581821 0.0478347 0.0514175 0.0473747 0.0476331 
0.0503889 0.0572353 0.0483323 0.0509407 0.0526814 0.0514589 0.0456278 0.0524463 0.0586778 0.0511272 0.0517486 0.0508843 0.0466345 0.051477 0.043712 0.0506408 0.0376661 0.0466658 0.0491134 0.052541 
0.0468738 0.0413561 0.0574056 0.0447089 0.0506265 0.055236 0.0545301 0.0511543 0.0477626 0.0555262 0.0451964 0.0517905 0.0486631 0.0531442 0.0497193 0.0468184 0.0459989 0.0471903 0.0563138 0.049985 
0.0637985 0.0536786 0.0470838 0.0327939 0.0545323 0.0601846 0.0490064 0.0558821 0.0554131 0.0497427 0.0489369 0.0421662 0.0395573 0.0399111 0.0432699 0.0402869 0.0572156 0.0578301 0.0552775 0.0534325 
0.0507602 0.0513183 0.0503722 0.0491713 0.0557196 0.051905 0.0497815 0.0472929 0.0479295 0.0458009 0.0534549 0.0495148 0.0442296 0.0518464 0.0445375 0.0442038 0.0505216 0.0526434 0.0538517 0.0551449 
0.053619 0.0486692 0.0527425 0.0571861 0.0478665 0.0515313 0.0504111 0.0456595 0.0498267 0.0425708 0.0471525 0.0519922 0.0573005 0.047895 0.0492233 0.0464834 0.0505736 0.0509458 0.0437688 0.0545822 
0.0543321 0.0436365 0.0383276 0.0484687 0.0468169 0.0520744 0.0469686 0.0512543 0.0447472 0.0479183 0.0526844 0.0541182 0.0457358 0.0529495 0.0566928 0.0587709 0.0599983 0.0513626 0.0420864 0.0510565 
0.0573782 0.0467011 0.0476005 0.0462849 0.0548053 0.045909 0.0555274 0.0414694 0.0455805 0.0516909 0.0518225 0.0552124 0.0426073 0.0516457 0.0506414 0.0543703 0.0525402 0.0495247 0.0534384 0.0452499 
0.0514217 0.0471242 0.0486628 0.0557977 0.0445378 0.0451274 0.0507715 0.0555971 0.0519305 0.0519873 0.0472747 0.0546532 0.0488641 0.0449879 0.0496337 0.0503883 0.051012 0.0572471 0.0483526 0.0446285 
0.045075 0.080086 0.0774129 0.0634472 0.106292 0.00349556 0.102231 0.0641571 0.050996 0.0482597 0.0410417 0.0665402 0.0657949 0.0475641 0.00497403 0.0145577 0.065845 0.0286167 0.015555 0.00805859 
0.0445195 0.058444 0.045761 0.0528078 0.0560546 0.0497936 0.050599 0.0502557 0.0469865 0.0491845 0.0524467 0.0524497 0.0490459 0.0426371 0.0519893 0.0483103 0.0477636 0.0520222 0.0508422 0.0480866 
0.0496173 0.0540194 0.0525849 0.0503068 0.0515558 0.0477711 0.0475012 0.0426165 0.0503403 0.0496356 0.0546613 0.0524889 0.0506417 0.053371 0.0450705 0.0533215 0.0516998 0.0497478 0.0397169 0.0533317 
0.0569808 0.0524624 0.0450391 0.05116 0.0568192 0.0485347 0.050152 0.0509181 0.0544679 0.0489822 0.055033 0.0472444 0.0433786 0.0507056 0.0523299 0.0424785 0.0547519 0.046542 0.0490333 0.0429863 
0.0483644 0.0545278 0.0509329 0.0503 0.0536754 0.0518875 0.0468572 0.0549267 0.047283 0.0407353 0.0584424 0.0496793 0.0458829 0.0428633 0.0475881 0.0441645 0.0492721 0.0573928 0.0537465 0.0514779 
0.0453981 0.0437827 0.0596959 0.0482391 0.0480802 0.0491048 0.0471073 0.0508267 0.0529641 0.0457459 0.0506682 0.0560849 0.0544293 0.0452347 0.0476657 0.0538287 0.0538898 0.0527338 0.0416581 0.0528621 
0.0508436 0.045688 0.0497312 0.051013 0.0481336 0.0516572 0.0537212 0.0430876 0.0638044 0.0550014 0.0487189 0.0479134 0.0382371 0.0508527 0.0525999 0.0549339 0.0536002 0.0509251 0.0365953 0.0529425 
0.0503978 0.0524907 0.0495552 0.0471172 0.0456537 0.0444721 0.0519068 0.0499163 0.0520716 0.0540337 0.0469156 0.0484257 0.0507334 0.0452221 0.0479839 0.0518032 0.0548561 0.0540263 0.0532104 0.0492083 
0.0499092 0.0464959 0.0480655 0.0455989 0.0552133 0.0502732 0.0453994 0.0513793 0.0500348 0.0477778 0.0518038 0.050553 0.0550685 0.0475347 0.0516219 0.0493679 0.0514786 0.0522811 0.0470119 0.0531313 
0.0731512 0.0620732 0.0235074 0.0692442 0.0363414 0.0533832 0.0410885 0.0246223 0.0650381 0.0242198 0.0871581 0.0741891 0.0676138 0.0232617 0.0296583 0.0573408 0.0205424 0.0543145 0.0359327 0.0773191 
0.0402879 0.0429187 0.0490685 0.0585453 0.0540523 0.0544777 0.0536727 0.0491177 0.0478147 0.0478062 0.0512586 0.0533814 0.0524437 0.0449364 0.0579356 0.0475686 0.0517335 0.0460251 0.0499347 0.0470208 
0.0518421 0.0572337 0.0453525 0.0565173 0.0513613 0.045194 0.0571502 0.0596832 0.05226 0.056531 0.0481092 0.0458339 0.0521049 0.0488617 0.0453681 0.0413373 0.0465795 0.0483194 0.0451831 0.0451775 
0.0477919 0.0494257 0.0463727 0.0521191 0.0538144 0.0420359 0.0503524 0.0548431 0.0477764 0.045065 0.0548431 0.0537609 0.0429884 0.0448561 0.0524458 0.0485922 0.0502871 0.0516385 0.0537044 0.0572868 
0.0562317 0.05626 0.0474886 0.0418979 0.0493387 0.048013 0.0502009 0.0465748 0.0542172 0.0491815 0.0491945 0.0497246 0.04804 0.0473465 0.0488816 0.0439027 0.0481107 0.0621594 0.0560277 0.0472081 
0.0516347 0.0549826 0.0487958 0.0489811 0.0467099 0.0531145 0.0471503 0.0535822 0.0463935 0.0471409 0.04997 0.0496979 0.0524245 0.051257 0.050539 0.0437701 0.0537773 0.0502013 0.0501773 0.0497 
0.0465198 0.0540016 0.0429825 0.0505975 0.0441776 0.0513909 0.0489608 0.0559945 0.0546974 0.0495539 0.0475815 0.052497 0.0508669 0.0424056 0.0517668 0.0546387 0.0551645 0.0475388 0.0436541 0.0550095 
0.0465486 0.0558476 0.0534643 0.0490112 0.0510583 0.046985 0.049141 0.0384756 0.0504795 0.0543077 0.0503665 0.0570955 0.0516944 0.052035 0.0495315 0.0512278 0.048453 0.0457007 0.0481248 0.0504517 
0.0572541 0.0403729 0.0546069 0.0435527 0.0541463 0.0503066 0.0535754 0.061326 0.0410964 0.0460942 0.0457799 0.0535082 0.0535416 0.0439025 0.043117 0.0472279 0.0536617 0.0546537 0.0427122 0.0595636 
0.0528001 0.0485026 0.0558027 0.0460201 0.0496588 0.0534138 0.0503113 0.0489053 0.0411329 0.0584545 0.0506716 0.045638 0.0515897 0.0484735 0.051525 0.0458541 0.0546536 0.0548769 0.0432488 0.0484667 
0.0511446 0.0545918 0.056244 0.0515948 0.0504365 0.0482701 0.0432434 0.0463452 0.0428334 0.0471508 0.0616174 0.0515602 0.0481358 0.0515152 0.0473076 0.0419503 0.0462118 0.0556468 0.0540653 0.0501349 
0.0485242 0.0478349 0.0542041 0.0519944 0.0495869 0.0517768 0.0488307 0.0497687 0.0512118 0.0557633 0.0492492 0.0463321 0.0496316 0.0514056 0.0464031 0.0522548 0.0463452 0.0461866 0.0535388 0.0491572 
0.0465012 0.0516312 0.0546201 0.0497371 0.0515047 0.0502839 0.0469279 0.0500406 0.049866 0.0505115 0.0528768 0.04821 0.0515219 0.0437821 0.0502795 0.0500392 0.0490401 0.0519854 0.0496502 0.0509908 
0.0471661 0.0461551 0.0530675 0.048779 0.0516799 0.049311 0.0523077 0.0444094 0.0521795 0.0500853 0.054799 0.0495484 0.0579406 0.0421795 0.0442821 0.0557198 0.0508409 0.0471296 0.0527108 0.049709 
0.0520667 0.0469579 0.045205 0.0577466 0.0485796 0.0515849 0.0458562 0.0521842 0.0488698 0.0550798 0.0499275 0.0521839 0.0565068 0.0454991 0.0534646 0.0542269 0.0487636 0.0423772 0.0452259 0.0476938 
0.0442043 0.0240061 0.0438863 0.0709614 0.0548913 0.0340314 0.0303133 0.0181674 0.0555986 0.0711704 0.0211242 0.0657881 0.0372418 0.0345375 0.0711594 0.0732528 0.0661543 0.0668604 0.0675738 0.0490772 
0.0396638 0.0539402 0.0403679 0.0582857 0.0539853 0.0552151 0.0525206 0.0479411 0.0622793 0.0425134 0.0540184 0.0547196 0.0448911 0.0476031 0.0436211 0.0502189 0.0546821 0.0404905 0.0528425 0.0502004 
0.0495145 0.0558406 0.0432083 0.0580059 0.0457398 0.0560855 0.0482329 0.0536973 0.0518268 0.0515979 0.0498352 0.0520547 0.0458865 0.0499694 0.0463019 0.0542893 0.0520188 0.038814 0.0460156 0.051065 
0.0516984 0.0504667 0.0478805 0.0480206 0.0502778 0.0514369 0.0519934 0.0490393 0.0469378 0.0463038 0.0477456 0.0504465 0.0474145 0.0445527 0.0491981 0.0532015 0.0526541 0.0562463 0.0527773 0.0517083 
0.0571903 0.0470169 0.0514552 0.0455031 0.0476538 0.0589438 0.0485976 0.0552849 0.0485837 0.047456 0.0494587 0.0601748 0.0423727 0.0443768 0.0505156 0.0456457 0.0511733 0.0483219 0.0527652 0.0475102 
0.0480256 0.0490284 0.0622094 0.0654449 0.0487881 0.0674893 0.0590366 0.0699254 0.0563776 0.0401951 0.039154 0.0421657 0.0366462 0.0311588 0.0564867 0.0265723 0.0770502 0.0565697 0.034036 0.0336398 
0.040507 0.0613636 0.0468636 0.0519655 0.0522219 0.0553387 0.0489119 0.0455593 0.0595691 0.0489925 0.0607521 0.0444794 0.0446656 0.0548871 0.0473694 0.0413677 0.0456516 0.0496126 0.0420679 0.0578533 
0.0492094 0.0507347 0.0445904 0.0483128 0.0488995 0.0523255 0.0475311 0.0571063 0.0524595 0.055653 0.0466202 0.0431577 0.0463332 0.0499629 0.0477633 0.0516793 0.0547454 0.0548353 0.0465365 0.0515441 
0.047215 0.050262 0.0536033 0.0531757 0.0467045 0.0492014 0.0483252 0.0547102 0.0493487 0.0476498 0.0546463 0.0541865 0.0579447 0.0471622 0.0507229 0.0465524 0.0428176 0.052746 0.0438885 0.0491372 
0.0454059 0.046634 0.0622859 0.0462227 0.0493091 0.0533248 0.044023 0.0508172 0.0489239 0.0429725 0.0530168 0.0487981 0.0538602 0.0468479 0.0434317 0.0526857 0.0505695 0.0576571 0.0516169 0.051597 
0.0611737 0.0530561 0.0497326 0.0417881 0.043707 0.0451145 0.0499923 0.0529738 0.0535164 0.0408931 0.0492746 0.046001 0.0555458 0.0478039 0.0536446 0.0505015 0.0568509 0.0445133 0.0515942 0.0523227 
0.0508836 0.0539311 0.050322 0.0485518 0.0494593 0.0484111 0.0468319 0.0547395 0.0515867 0.0517748 0.0511145 0.051907 0.0472208 0.0485234 0.0488806 0.0465058 0.0471024 0.0481495 0.0531088 0.0509954 
0.0600527 0.0447661 0.055598 0.0444111 0.0427668 0.0569712 0.0467496 0.0490406 0.0495259 0.0503646 0.0440975 0.0504289 0.0500568 0.0549806 0.0541987 0.0487756 0.0490142 0.0493057 0.0490544 0.0498409 
0.047951 0.0531401 0.0503956 0.0497069 0.0539828 0.0536109 0.0519649 0.050346 0.0495816 0.0471974 0.0494574 0.0525266 0.0524485 0.0460145 0.0488752 0.044312 0.0466854 0.0494039 0.0498825 0.0525166 
0.0475482 0.0424863 0.0453732 0.0477195 0.047539 0.0469992 0.0501366 0.0501322 0.0530114 0.052311 0.0502134 0.046402 0.0546973 0.0526913 0.0548138 0.0480469 0.0538915 0.0518865 0.0534352 0.0506656 
0.0566949 0.0550433 0.0491715 0.0483855 0.0402803 0.0558166 0.0608618 0.0393475 0.0428152 0.0392609 0.0653599 0.049381 0.0551014 0.0513654 0.0517578 0.0475175 0.0600605 0.0409216 0.0473998 0.0434575 
0.060229 0.04721 0.0572777 0.051917 0.0448182 0.0422583 0.0511882 0.0441782 0.0572772 0.0440369 0.0543781 0.0453162 0.0524983 0.0571117 0.0473129 0.057122 0.0431473 0.0447367 0.0449251 0.053061 
0.0499742 0.0485425 0.0472461 0.0476839 0.0546366 0.0514148 0.0543254 0.0536325 0.0494971 0.0559911 0.0478553 0.050177 0.0515446 0.0425471 0.0421383 0.0530774 0.0489166 0.0442511 0.0576627 0.0488856 
0.0540102 0.0485598 0.0485735 0.0489907 0.050918 0.0492816 0.0486103 0.0478268 0.0514863 0.0457561 0.0473439 0.0558711 0.0500148 0.0512884 0.052057 0.0456857 0.0491142 0.0501441 0.0529456 0.0515218 
0.0515357 0.0526074 0.0576111 0.0522326 0.0546166 0.0486289 0.0481821 0.0497531 0.0493849 0.0518874 0.0501726 0.0510012 0.0530503 0.0484938 0.0470874 0.0451216 0.0437077 0.0488767 0.0463443 0.0497047 
